05-31:
ip=[
     [0,0,292010], [2,0,170857], [3,0,97591], [4,0,85377], [1,0,79952], [5,0,62094], [6,0,51575], [11,0,37009], [8,0,22931], [10,0,16926], [15,0,14580], [13,0,9982], [12,0,9480], [9,0,8321], [20,0,6826],  [16,0,6038], [24,0,4327],  [23,0,2880],

     [0,0,163779], [1,0,145146], [2,0,120718], [3,0,34088], [5,0,21690], [6,0,5665], [7,0,1484], [14,0,1297], [12,0,363], [4,0,223], [20,0,186], [19,0,184], [17,0,158], [15,0,98],  [21,0,58],  [22,0,32], [18,0,32], [8,0,24], [10,0,23], [23,0,19], [24,0,18],
        [2,0,2775], [3,0,1629], [10,0,1628], [11,0,1612], [4,0,1551], [7,0,1467], [9,0,1314],  [12,0,980], [13,0,911], [17,0,879], [14,0,854], [16,0,679], [18,0,675], [22,0,530], [19,0,501],
        [0,0,20401], [6,0,4773], [5,0,2859], [4,0,2769], [2,0,2058], [1,0,2002], [3,0,1635], [7,0,1297], [9,0,1271], [8,0,1045], [13,0,1043],  [22,0,807], [10,0,752],  [11,0,745],  [14,0,703],  [12,0,682], [23,0,673], [15,0,630], [16,0,614],
        [1,0,23361], [0,0,13741], [5,0,4227], [7,0,313],  [13,0,41], [9,0,6], [14,0,3], [10,0,2], [22,0,2],  [4,0,1],
        [0,0,292754], [1,0,160510], [2,0,144624], [3,0,120684], [4,0,95881], [5,0,85868], [8,0,27795], [13,0,20170], [6,0,17951], [9,0,16927], [11,0,15608], [14,0,10244], [17,0,7128], [15,0,6282], [12,0,2606], [19,0,1694], [18,0,1581], [10,0,1329], [23,0,1128], [16,0,990], [21,0,938],  [24,0,855],
        [0,0,158617], [4,0,50534], [7,0,47030], [3,0,34914], [1,0,25566], [6,0,24835],[12,0,20093], [9,0,20039], [14,0,18840], [10,0,18065], [16,0,17322], [15,0,16223], [19,0,16151], [13,0,15269], [8,0,15253],  [18,0,13939],[20,0,10807],
        [0,0,26945], [1,0,1311], [5,0,136], [4,0,93], [3,0,70], [6,0,65], [2,0,48],  [14,0,10], [18,0,8],  [21,0,2],
        [4,0,15114], [2,0,11910], [1,0,9381], [11,0,3032], [19,0,336], [7,0,336], [5,0,324],  [3,0,206],[14,0,155] [18,0,52], [8,0,33],
        [8,0,606], [0,0,286], [13,0,70],[6,0,50], [19,0,26], [18,0,23]]


06-01£º
ip=[
 [0,1,296184], [3,1,98236], [1,1,88319], [4,1,85186], [5,1,81377], [2,1,69096], [11,1,28639], [10,1,21049], [8,1,20336], [6,1,12082], [16,1,8601], [22,1,8316], [17,1,7863], [9,1,3849],  [24,1,3006], [23,1,2880], [13,1,2257], [7,1,2097], [20,1,1733],

[0,1,169278], [1,1,153142], [2,1,127718], [5,1,40639], [3,1,34407], [8,1,8550], [11,1,1808], [7,1,1464], [6,1,1455], [22,1,148], [15,1,99], [10,1,24], [17,1,22], [13,1,4],
[7,1,1440],[2,1,659], [4,1,599], [9,1,539], [3,1,519], [14,1,450], [11,1,420], [22,1,383], [18,1,351], [17,1,288], [16,1,276], [19,1,252], [12,1,183],  [13,1,136],
[3,1,1327], [2,1,1306], [1,1,1280], [10,1,545], [11,1,507], [8,1,498], [7,1,497], [4,1,390], [22,1,355],  [12,1,354], [23,1,326], [21,1,318], [9,1,303],  [14,1,266], [15,1,231], [16,1,207], [5,1,188],
[0,1,11012], [7,1,521], [13,1,42], [18,1,9], [22,1,3], [10,1,3], [24,1,1], [8,1,1], [11,1,1], [12,1,1], [6,1,1], [23,1,1], [0,1,297647], [1,1,272886], [2,1,152826], [3,1,127418], [4,1,96737], [5,1,85591], [8,1,56967],
[6,1,37610], [14,1,31393], [9,1,21050], [13,1,15867], [11,1,15304], [17,1,7432], [15,1,6586], [10,1,2738], [19,1,1748], [12,1,1617], [18,1,1464], [24,1,879],[20,1,830],  [6,1,719], [23,1,573],
 [0,1,166367], [3,1,35238], [8,1,21212], [9,1,20232],  [12,1,10578], [11,1,9517], [21,1,7015], [13,1,6416],   [1,1,2909],
 [0,1,84241], [6,1,72], [3,1,68], [2,1,48], [4,1,47], [19,1,2],
 [2,1,9928], [7,1,348], [18,1,44],[13,1,10],
 [11,1,546], [6,1,288], [0,1,287], [3,1,208], [13,1,128], [24,1,74], [14,1,26],[15,1,15], [17,1,5],[22,1,1]]


06-02:
ip=[
 [0,2,376942], [3,2,99708], [4,2,85266], [2,2,59823], [5,2,27279], [10,2,21464], [8,2,20575], [1,2,15333], [6,2,11794],  [16,2,8588], [22,2,8314], [11,2,7699], [9,2,7643], [24,2,3004],  [23,2,2880], [13,2,2003], [17,2,1660],

[0,2,166528], [1,2,152679], [2,2,120126], [3,2,34442], [7,2,1456], [5,2,916], [6,2,769], [10,2,255], [15,2,122], [8,2,25], [17,2,25], [20,2,8], [19,2,7],
 [7,2,1442], [2,2,556], [22,2,407], [9,2,377],  [11,2,306], [14,2,247],[18,2,191],  [12,2,105], [13,2,94],  [3,2,89], [4,2,74], [17,2,67],[19,2,57],
 [17,2,892], [18,2,834], [2,2,737], [3,2,722], [1,2,709],  [23,2,299], [16,2,226], [22,2,212], [14,2,178], [4,2,148], [7,2,142], [5,2,129], [8,2,113], [9,2,58],[13,2,42],
 [6,2,4322], [7,2,520], [18,2,9], [10,2,3], [22,2,3], [0,2,2], [8,2,1], [13,2,1], [23,2,1], [11,2,1], [12,2,1], [24,2,1],
 [0,2,378434], [2,2,152147], [3,2,119778], [4,2,96622], [5,2,85702], [8,2,59862], [1,2,50138], [9,2,21465], [13,2,18625], [11,2,14070], [6,2,9115], [15,2,6814], [17,2,6150], [10,2,2984], [12,2,1967], [19,2,1710], [18,2,1480], [20,2,892], [24,2,878], [6,2,720], [23,2,571],
 [0,2,166440], [3,2,35316], [8,2,23034], [11,2,10030], [21,2,9955], [16,2,6287], [12,2,6210], [13,2,6079],  [24,2,2776],
 [0,2,37678], [6,2,72], [3,2,70], [2,2,48],
 [5,2,3097], [2,2,1462], [13,2,68], [18,2,53],
 [0,2,286], [6,2,245], [15,2,170],  [24,2,95], [17,2,91],

06-03:
ip=[
  [1,3,346527], [0,3,264702], [2,3,176882], [3,3,97304], [4,3,85192], [5,3,83242], [11,3,53497], [6,3,46798], [8,3,25398], [10,3,17427], [17,3,15393], [12,3,13579], [18,3,13570], [7,3,13016], [16,3,12575], [9,3,11137], [13,3,9061], [22,3,8300], [24,3,5453], [20,3,4761],

 [0,3,159742], [1,3,138380], [2,3,112567], [3,3,33876], [5,3,25644], [6,3,8893], [11,3,2736], [13,3,1513], [7,3,1449], [10,3,233], [12,3,192], [21,3,125], [15,3,100],  [17,3,35],  [8,3,25],  [18,3,18],  [23,3,17],
 [2,3,2435], [3,3,1968], [7,3,1917], [20,3,1871], [4,3,1694], [11,3,1397], [9,3,1376], [10,3,1317], [14,3,1003], [12,3,804], [18,3,753], [13,3,752], [16,3,734], [17,3,654],  [19,3,567], [22,3,508],
 [0,3,6496], [3,3,3375], [2,3,3179], [1,3,3081], [18,3,2076], [17,3,2029], [7,3,1723], [4,3,1632], [8,3,1602], [5,3,1260], [21,3,870], [9,3,858], [12,3,804], [11,3,774], [15,3,673], [10,3,663],  [14,3,615], [13,3,610], [22,3,601], [23,3,579], [19,3,548], [16,3,519],
 [1,3,23822], [4,3,19652], [0,3,5671], [5,3,4084], [7,3,518], [15,3,187], [16,3,145], [17,3,119], [21,3,95], [9,3,59],[10,3,34], [18,3,9], [22,3,3], [14,3,2],  [6,3,2], [11,3,2],
 [1,3,544555], [0,3,265933], [2,3,137862], [3,3,112267], [4,3,95662], [5,3,85711], [6,3,79235], [8,3,62990], [9,3,17428], [11,3,16395], [14,3,11843], [13,3,11227], [15,3,7094], [17,3,6856],  [10,3,4101], [12,3,2333], [19,3,1706], [18,3,1644], [21,3,1509], [20,3,1227], [24,3,843], [16,3,834],
  [0,3,156772], [1,3,49931], [7,3,40247], [3,3,34681], [5,3,34363], [6,3,25610], [17,3,19973], [4,3,19845], [10,3,18815], [14,3,18007], [13,3,17712], [9,3,16514], [15,3,16456], [11,3,16179], [23,3,15448],  [12,3,15213], [21,3,14335], [24,3,14044], [8,3,14026], [18,3,13979],  [19,3,13416], [20,3,12280],
  [0,3,37652], [1,3,2514], [5,3,155], [6,3,71], [3,3,68], [20,3,59], [2,3,48], [4,3,36],  [11,3,36], [8,3,31], [10,3,23], [15,3,21], [24,3,18],
  [0,3,9897], [6,3,5308], [5,3,3035], [4,3,2863], [1,3,2343], [2,3,876], [13,3,870], [12,3,464], [18,3,449], [24,3,389], [22,3,326], [7,3,131], [21,3,95], [3,3,34],
  [0,3,287], [17,3,200],  [1,3,115],  [18,3,99], [21,3,36], [22,3,23],[16,3,22]]

06-04:
ip=[
 [2,4,183112], [0,4,157078], [3,4,97902], [4,4,85415], [6,4,53120], [1,4,52188], [5,4,40555], [8,4,25803], [10,4,17145], [12,4,14086], [16,4,12802], [24,4,11399], [18,4,11157], [13,4,10509], [20,4,6901], [17,4,4462], [15,4,4089], [7,4,3493],[9,4,3145],  [21,4,2890],
 [0,4,162614], [1,4,146026], [2,4,112804], [4,4,60929], [3,4,34116], [5,4,8408], [6,4,7389], [10,4,3042], [7,4,1181], [18,4,112], [13,4,67], [15,4,33], [8,4,26], [21,4,21], [17,4,20],  [24,4,4], [23,4,4],
  [2,4,2167], [3,4,2037], [10,4,2002], [4,4,1994], [9,4,1965], [7,4,1921], [11,4,1430], [19,4,1334], [13,4,1275], [20,4,1162], [18,4,1068], [12,4,1068], [14,4,1030], [16,4,907],  [17,4,764],[22,4,506],
  [0,4,19689], [1,4,4348], [2,4,4256], [3,4,3106], [4,4,2250], [6,4,2009], [9,4,1929], [5,4,1920], [7,4,1533], [8,4,1405], [10,4,1310], [11,4,1174], [21,4,1002], [16,4,889], [13,4,889],  [15,4,665], [19,4,624], [18,4,600], [12,4,585], [17,4,580], [14,4,556], [23,4,497],
   [3,4,55669], [4,4,10499], [1,4,7928], [6,4,4319], [5,4,4215], [9,4,3563], [0,4,3275], [7,4,317], [10,4,23], [18,4,18], [20,4,9], [16,4,4], [17,4,4], [15,4,4], [14,4,3], [23,4,2], [22,4,2], [12,4,1],[13,4,1], [24,4,1],
    [0,4,158304], [2,4,145507], [3,4,112502], [7,4,106493], [4,4,96411], [5,4,85957], [1,4,76476], [8,4,30696], [6,4,24660], [11,4,23532], [9,4,17146], [13,4,16571], [15,4,7142], [18,4,6297], [17,4,5758], [10,4,4609], [21,4,3371], [12,4,2788], [19,4,1754], [20,4,1745], [14,4,1359], [23,4,1280], [24,4,895],
 [0,4,162405], [2,4,94704], [1,4,55848], [3,4,34950], [4,4,30645], [6,4,28613], [5,4,26692], [14,4,24966], [13,4,23692], [11,4,22482], [23,4,21779], [17,4,19665], [10,4,19378], [12,4,18464],[9,4,17055], [20,4,15797], [24,4,15445], [21,4,15076],  [18,4,13663],
[0,4,37563], [1,4,1977], [3,4,89], [6,4,67], [23,4,54], [2,4,48], [15,4,48], [11,4,47], [4,4,42], [5,4,35], [8,4,31], [14,4,26], [24,4,21], [12,4,6],
[0,4,7967], [6,4,5021], [3,4,2505], [4,4,2165], [5,4,1772], [1,4,1656], [12,4,1310], [8,4,1126], [2,4,489], [13,4,110], [22,4,96],[21,4,55],  [7,4,31],
[0,4,286], [3,4,168], [7,4,160],  [2,4,94],  [15,4,56], [22,4,48],  [24,4,43],  [23,4,38], [14,4,14]]

06-05:
ip=[
[1,5,221344], [2,5,182406], [0,5,144253], [3,5,97991], [5,5,92358], [4,5,85508], [11,5,71753], [7,5,55883], [6,5,51581], [8,5,26278], [12,5,20308], [10,5,17152], [18,5,14200], [17,5,11042], [13,5,10393], [15,5,8742], [22,5,8374], [20,5,6310], [9,5,5966], [24,5,4760],

[4,5,357001], [0,5,174782], [1,5,147344], [2,5,116029], [5,5,34954], [3,5,34085], [6,5,7353], [7,5,1611], [12,5,124], [15,5,112], [13,5,68], [17,5,56], [16,5,42], [10,5,28], [18,5,26], [8,5,25],  [21,5,5], [20,5,4],[19,5,4],
 [1,5,19231], [8,5,15546], [2,5,2520],[3,5,1793], [7,5,1780], [16,5,1651], [4,5,1625], [9,5,1553], [10,5,1543], [12,5,1374], [13,5,1328], [11,5,1313], [14,5,1129],  [18,5,744], [20,5,672], [19,5,623],  [17,5,592], [22,5,507],
  [0,5,21872], [6,5,10570], [1,5,4794], [2,5,4691], [3,5,3216],  [5,5,1834], [4,5,1771], [8,5,1581], [9,5,1514], [7,5,1396], [17,5,1248], [18,5,1204], [11,5,887], [13,5,744], [10,5,732], [16,5,704], [14,5,656], [12,5,632], [15,5,621],[19,5,514],  [21,5,413], [23,5,405],
   [0,5,29016], [2,5,22676], [4,5,16623], [5,5,4394], [1,5,2640], [6,5,2195], [7,5,310], [19,5,89], [14,5,54],  [20,5,13], [9,5,11], [18,5,9],  [22,5,3], [10,5,2], [23,5,1],
    [1,5,457375], [2,5,146823], [0,5,145534], [3,5,114422], [4,5,96502], [6,5,92405], [5,5,86056], [8,5,51922], [14,5,31668], [9,5,17153], [11,5,13373], [13,5,8443], [15,5,6900], [17,5,6636], [10,5,4099], [20,5,2533], [19,5,1740], [12,5,1513], [23,5,1459], [18,5,1449], [21,5,1252], [16,5,900],
 [2,5,371733], [0,5,163135], [1,5,107845], [5,5,93701], [4,5,71636], [7,5,38005], [3,5,34930], [6,5,30144], [10,5,23509], [17,5,23456],  [24,5,20149], [11,5,20122], [18,5,18840], [20,5,18250], [22,5,18041], [12,5,17450], [14,5,16852],  [9,5,16325], [13,5,15806], 16,5,14537],
[0,5,36751], [1,5,2556], [4,5,69], [3,5,67], [6,5,54], [2,5,47], [18,5,43], [8,5,33], [11,5,33], [9,5,27], [24,5,14],  [10,5,8], [19,5,4],
[0,5,6619], [6,5,4846], [3,5,3088], [1,5,2856], [5,5,2287], [2,5,1778], [4,5,1183], [12,5,922], [15,5,872], [16,5,700], [8,5,331], [21,5,233], [9,5,178],  [13,5,57],

06-06:
ip=[
[1,6,330568], [0,6,175088], [2,6,164090], [3,6,100541], [5,6,98877], [4,6,88948], [7,6,84329], [11,6,53082], [6,6,47070], [8,6,27708], [10,6,18111],  [13,6,8841], [15,6,8039], [20,6,7533],  [9,6,6192], [12,6,5387], [17,6,3974], [23,6,2996], [16,6,2916],

[0,6,170951], [1,6,154297], [2,6,128268], [3,6,35648], [5,6,31003], [6,6,7403], [7,6,292], [10,6,231], [12,6,116], [15,6,100], [4,6,45], [13,6,38], [17,6,35], [19,6,32], [20,6,29], [22,6,27], [8,6,26],  [16,6,11], [18,6,9],
[1,6,5038], [3,6,2078], [7,6,1921], [4,6,1916], [2,6,1754], [14,6,1591], [9,6,1380], [13,6,1207], [12,6,1127], [20,6,1116], [10,6,1088], [11,6,1022], [16,6,783], [17,6,774],  [18,6,706], [19,6,614], [22,6,453],
 [0,6,6381], [3,6,5234], [1,6,5093], [2,6,4702], [7,6,1627], [4,6,1591], [8,6,1514], [5,6,1324], [9,6,942],  [14,6,656], [16,6,652], [13,6,626],  [15,6,572], [19,6,565], [12,6,498], [11,6,368], [23,6,350], [22,6,341], [10,6,324],
  [2,6,51355], [1,6,8234], [0,6,7044], [5,6,4401], [6,6,2193], [7,6,1842], [9,6,865], [14,6,90], [20,6,47], [18,6,8],  [22,6,4],  [10,6,2],
  [1,6,493568], [0,6,176488], [2,6,153765], [3,6,127705], [4,6,100541], [6,6,99716], [5,6,89474], [11,6,26708], [9,6,18113], [13,6,12012], [15,6,7676], [8,6,7186], [17,6,6816], [10,6,4263], [14,6,3761], [21,6,3324], [20,6,2319], [19,6,1799], [18,6,1556], [12,6,1077],  [24,6,905],  [6,6,756], [22,6,610],
 [0,6,170913], [1,6,64999],  [3,6,36559], [6,6,30526], [5,6,28074], [11,6,25775],  [4,6,24267], [9,6,19000], [13,6,18772], [7,6,18717], [23,6,18184], [16,6,18025], [12,6,16111], [10,6,15832], [14,6,15410], [18,6,14784], [20,6,14070],[19,6,13839], [15,6,13597],  [2,6,10900],
[0,6,33248], [1,6,4712], [6,6,65], [2,6,50], [11,6,34], [3,6,32], [8,6,28],  [7,6,20], [5,6,9], [47,6,2], [14,6,2],
[3,6,8100], [0,6,6349], [9,6,4988], [10,6,4345], [6,6,3967], [5,6,2301], [1,6,1903], [2,6,1283], [12,6,414], [13,6,216], [7,6,68], [21,6,45], [15,6,41],
[8,6,586], [0,6,302], [4,6,215], [13,6,201],[14,6,168], [21,6,111], [15,6,89], [2,6,61], [6,6,50], [22,6,41],[3,6,30]]

06-07:
ip=[
[0,7,237531], [3,7,109219], [4,7,90603], [2,7,52606], [10,7,22642], [8,7,19435], [5,7,18362], [16,7,9042], [11,7,8462], [6,7,7459], [9,7,4082],  [22,7,3229],  [23,7,3075], [20,7,1741], [24,7,1666],  [1,7,1533],

[0,7,186520], [1,7,166383], [2,7,127525], [3,7,36706], [6,7,1793], [5,7,1161], [7,7,318], [15,7,33], [8,7,27], [17,7,26], [10,7,24], [22,7,12],
 [22,7,303], [16,7,138], [14,7,130], [13,7,96], [11,7,87], [12,7,77], [18,7,40], [19,7,38], [17,7,36], [2,7,35], [4,7,35],  [9,7,25],
  [3,7,1182], [2,7,665], [1,7,654], [16,7,217], [14,7,208],  [4,7,74], [7,7,54], [8,7,41], [5,7,40], [22,7,26],  [23,7,25],   [13,7,20],
  [6,7,2278], [0,7,566], [7,7,553], [18,7,9], [10,7,3], [22,7,3], [23,7,1], [24,7,1], [8,7,1], [11,7,1], [13,7,1], [12,7,1],
  [0,7,239207], [2,7,165818], [3,7,127500], [4,7,102714], [5,7,91053], [8,7,45730], [1,7,26186], [9,7,22643], [11,7,22122], [13,7,8882], [17,7,8081], [15,7,8049], [6,7,6137], [10,7,5801], [20,7,2768], [19,7,1860], [18,7,1547], [12,7,1418], [22,7,990], [24,7,950], [6,7,760], [22,7,645], [21,7,643],
 [0,7,181636], [3,7,37554], [22,7,11683],  [13,7,6503],
[0,7,25365], [2,7,50], [7,7,49], [6,7,19],[10,7,2], [46,7,1],
[13,7,69]
 [1,7,2055], [12,7,545], [2,7,305], [0,7,299], [7,7,294], [14,7,17]]

06-08:
ip=[
[0,8,437379], [3,8,103384], [4,8,89676], [2,8,45444], [10,8,22435], [8,8,18832], [5,8,17631], [6,8,6903], [20,8,3223], [23,8,3056], [9,8,2796],

[0,8,180890], [1,8,165344], [2,8,129773], [3,8,36368], [5,8,1148], [6,8,989], [10,8,246], [15,8,102], [17,8,33], [7,8,29], [8,8,26],
[22,8,308], [3,8,261], [4,8,234], [18,8,163], [14,8,152],  [9,8,106], [11,8,100],
 [14,8,156], [16,8,129],  [4,8,119], [5,8,101], [8,8,90], [13,8,77], [7,8,68], [10,8,29],  [1,8,25], [2,8,24], [3,8,20],  [180,153,235,255,8,19], [0,8,18], [11,8,14],
[6,8,2297], [7,8,346], [13,8,171], [8,8,111], [12,8,53], [11,8,53], [23,8,30], [24,8,26], [0,8,24], [22,8,22], [18,8,9], [10,8,2], [1,8,1],
[0,8,437777], [2,8,164786], [3,8,129462], [4,8,101829], [5,8,90109], [1,8,31811], [9,8,22436], [11,8,10676], [13,8,9310], [15,8,7897], [17,8,6440], [6,8,6070], [10,8,5882], [18,8,3131], [20,8,1932], [19,8,1860], [12,8,1606], [8,8,1555], [24,8,934], [6,8,763], [22,8,709], [22,8,646],
[0,8,180177], [3,8,37196], [8,8,13961], [22,8,11086], [13,8,6151],
[0,8,33334], [9,8,88], [2,8,51], [21,8,51], [7,8,49],
 [13,8,51],
  [10,8,554], [2,8,301], [0,8,297], [4,8,247], [23,8,94]]

06-09:
ip=[
[0,9,623938], [3,9,101584], [4,9,89569], [2,9,46394], [10,9,22219], [8,9,18929], [5,9,16904], [6,9,6638], [9,9,3303], [23,9,3043], [20,9,2016],

[0,9,180447], [1,9,165562], [2,9,124150], [3,9,36310], [5,9,1139], [6,9,800], [10,9,238], [15,9,101], [17,9,37], [7,9,29], [8,9,29],
 [22,9,297], [18,9,148], [11,9,117], [14,9,107],   [12,9,42], [13,9,40],[19,9,36], [16,9,32],  [17,9,23],
  [16,9,224], [14,9,212],[8,9,37], [3,9,31], [7,9,28], [9,9,25], [5,9,16], [0,9,15], [4,9,15],  [2,9,13], [1,9,12],
  [6,9,2317], [8,9,2212], [7,9,545], [11,9,326], [0,9,10], [23,9,9], [18,9,9], [22,9,7], [24,9,7], [10,9,3], [12,9,2], [13,9,1],
  [0,9,624339], [2,9,165009], [3,9,123843], [4,9,101571], [5,9,90016], [1,9,25401], [9,9,22220], [11,9,16823], [13,9,12045], [15,9,7785], [17,9,6619], [10,9,6148], [6,9,6054], [20,9,1906], [19,9,1848], [12,9,1657], [18,9,1532], [24,9,947], [6,9,763], [22,9,616],  [23,9,595],
[0,9,179737], [3,9,37128], [22,9,11066],  [13,9,6056],
 [0,9,22048], [7,9,51], [2,9,50],  [9,9,6],
 [13,9,82],
  [0,9,306], [2,9,246], [7,9,153],  [4,9,6]]

06-10:
ip=[
[1,10,196845], [0,10,173024], [2,10,159184], [3,10,96418], [4,10,83927], [5,10,82443], [6,10,47948], [8,10,25643], [7,10,24512], [10,10,16561], [15,10,14824], [18,10,14073], [13,10,9077], [12,10,5861], [9,10,5621], [20,10,5610],  [16,10,3584],  [23,10,2818], [17,10,2325],  [21,10,1423],

[0,10,171168], [1,10,154788], [2,10,122858], [3,10,33839], [5,10,18354], [6,10,7714], [7,10,585], [4,10,301], [10,10,229], [12,10,181], [8,10,130], [13,10,112], [22,10,65], [21,10,50], [17,10,41], [18,10,39],[19,10,31], [15,10,29], [20,10,29], [24,10,19],  [16,10,14],
[21,10,4807], [3,10,2616], [4,10,2502], [17,10,2018], [2,10,1952], [10,10,1338], [9,10,1326],  [7,10,1229], [13,10,941], [19,10,933], [16,10,904], [14,10,873], [12,10,870], [11,10,847], [18,10,837],  [22,10,530],
[0,10,7321], [2,10,3612], [1,10,3527], [7,10,2402], [8,10,2152], [3,10,1882], [4,10,1712], [10,10,1651], [11,10,1398], [5,10,1315], [9,10,1150], [21,10,786], [19,10,695], [14,10,673], [12,10,656], [16,10,649], [13,10,632], [15,10,621], [22,10,385], [23,10,366],
 [0,10,28813], [1,10,15690], [5,10,4205], [7,10,4052], [6,10,2283], [4,10,1178], [10,10,1074], [9,10,33], [22,10,11],[18,10,9], [23,10,8], [19,10,7], [24,10,6], [20,10,2],[14,10,1], [15,10,1],
 [1,10,305779], [0,10,173423], [2,10,154256], [3,10,122552], [4,10,94931], [5,10,84422], [6,10,40084], [9,10,16562], [22,10,12050], [11,10,11378], [15,10,7074], [10,10,5676], [14,10,4918], [13,10,4467], [17,10,2112], [20,10,2073], [19,10,1762], [8,10,1487], [18,10,1441], [12,10,1429], [21,10,1250], [24,10,871],
 [0,10,168167], [3,10,34713], [1,10,34387], [6,10,30456], [9,10,26939],[17,10,21249], [10,10,19008], [15,10,18052], [14,10,17748], [24,10,16880], [7,10,15252], [12,10,15058], [21,10,14699], [18,10,14502],  [5,10,14171], [20,10,14056], [23,10,13293], [2,10,12994], [11,10,12065],  [16,10,11816],
 [0,10,22988], [5,10,104], [17,10,80], [14,10,66], [2,10,51], [7,10,48], [4,10,48], [1,10,48], [3,10,42], [16,10,33], [8,10,33], [13,10,32], [18,10,21], [9,10,8], [12,10,8],
 [5,10,4485], [3,10,2295], [8,10,1647], [0,10,1153], [7,10,972], [17,10,666], [2,10,545],  [13,10,133], [23,10,24],
  [0,10,276], [18,10,71], [19,10,51], [16,10,18][5,10,14]]

06-11:
ip=[
 [1,11,357289], [2,11,179445], [0,11,124756], [3,11,99381], [7,11,90082], [4,11,85615], [5,11,73989], [6,11,55283], [9,11,31550], [8,11,24897], [17,11,21982], [10,11,17085], [12,11,16907], [13,11,10707], [21,11,10550], [20,11,6370], [18,11,5282],  [15,11,4480], [16,11,3045],  [23,11,2923],

[1,11,211653], [0,11,164094], [2,11,120735], [3,11,34262], [5,11,30967], [6,11,9823], [9,11,7904], [4,11,1526], [12,11,926], [16,11,243], [13,11,110], [18,11,78],  [23,11,64], [24,11,56],
 [0,11,24919], [4,11,2906], [3,11,2654], [2,11,2276], [7,11,1766], [9,11,1645], [10,11,1237], [12,11,1196], [14,11,1146], [17,11,1123], [11,11,1106], [13,11,1098], [16,11,981], [18,11,951], [19,11,814], [22,11,545],
 [1,11,8982], [2,11,8568], [0,11,7153], [3,11,3368], [4,11,2608], [7,11,2436], [8,11,2250], [5,11,2139], [9,11,1953], [12,11,1452], [15,11,1350], [11,11,1194], [10,11,1134], [13,11,963], [19,11,924], [20,11,795], [14,11,758], [16,11,724],  [21,11,453],  [22,11,417], [23,11,406],
 [0,11,10666], [1,11,7701], [8,11,4405], [2,11,4236], [5,11,4158], [10,11,3032], [4,11,2590], [6,11,2174], [11,11,326], [12,11,326], [7,11,311], [9,11,14],  [18,11,8], [23,11,8], [24,11,6], [22,11,6], [19,11,5],[14,11,2],
 [1,11,468951], [2,11,149955], [6,11,137929], [0,11,125093], [3,11,120714], [4,11,96293], [5,11,86081], [10,11,66464], [9,11,17086], [11,11,15833], [13,11,12363], [12,11,11589], [15,11,6503], [17,11,5673], [8,11,3088], [14,11,2864], [23,11,2251], [20,11,1968], [19,11,1719], [18,11,1478], [21,11,1110], [24,11,870],
[0,11,164063], [1,11,73544], [4,11,36438], [3,11,35121],  [6,11,28720], [16,11,28336], [9,11,26489], [15,11,21670], [8,11,21551], [5,11,18650],[12,11,17810], [14,11,17460], [2,11,17066], [21,11,16114], [18,11,15640], [11,11,15332], [7,11,15279], [19,11,14832], [23,11,14462],
[0,11,32765], [4,11,74], [22,11,55], [2,11,48], [7,11,48],  [3,11,36], [5,11,35], [19,11,35], [8,11,33], [16,11,30], [1,11,28],  [13,11,21], [47,11,9],
[3,11,3830], [8,11,3038], [5,11,2671], [0,11,2001], [2,11,496], [13,11,450], [20,11,412], [23,11,376], [4,11,359], [1,11,192], [6,11,133],
[0,11,287], [19,11,156], [18,11,150],  [5,11,99],  [4,11,96], [16,11,79],   [2,11,54]]

06-12:
ip=[
[0,12,200412], [2,12,185258], [1,12,127201], [3,12,98984], [4,12,85435], [5,12,63608], [6,12,54925], [7,12,47633], [14,12,32988], [8,12,24513], [10,12,16896], [12,12,12156], [15,12,11822], [13,12,10529], [9,12,6957], [20,12,6136], [16,12,2883], [23,12,2882],[17,12,2376],  [21,12,2085],

[1,12,212592], [0,12,166190], [2,12,117485], [3,12,34263], [5,12,14374], [6,12,6869], [12,12,700], [4,12,441], [16,12,352], [15,12,134], [19,12,110], [20,12,95], [18,12,80], [10,12,58], [13,12,49], [23,12,37], [24,12,37],
 [5,12,6379], [24,12,6085], [0,12,5283], [4,12,2958], [12,12,2937], [2,12,2813], [3,12,2802], [13,12,2687], [7,12,1970], [10,12,1948],[9,12,1519], [20,12,1489], [11,12,1321], [18,12,1139], [17,12,1031], [19,12,1022], [16,12,967], [14,12,899], [21,12,519],
  [2,12,9409], [1,12,9240], [0,12,6751], [3,12,3085], [4,12,2794], [5,12,2664], [8,12,2610], [7,12,2466], [20,12,1859], [12,12,1643], [9,12,1606], [24,12,1434], [11,12,1304], [10,12,1256], [13,12,1198], [15,12,1079], [19,12,875],[14,12,804],[16,12,635], [22,12,558], [23,12,557],
  [0,12,15804], [5,12,4363], [1,12,3380], [6,12,2146], [7,12,522], [2,12,452], [11,12,326], [12,12,324], [14,12,79], [9,12,18], [23,12,8], [20,12,8], [18,12,8], [24,12,6], [22,12,6], [10,12,2],  [19,12,1],
  [0,12,200754], [1,12,187612], [2,12,150117], [3,12,117413], [4,12,96641], [5,12,85936], [10,12,68558], [6,12,64679], [16,12,32984], [7,12,28638], [9,12,16898], [11,12,16797], [14,12,9758], [13,12,7806], [15,12,6477], [17,12,6444], [23,12,2768], [12,12,2399], [8,12,2344], [19,12,1710], [20,12,1646], [18,12,1515], [21,12,1283], [22,12,1160],
 [1,12,184347], [0,12,163847], [10,12,45706], [3,12,35218], [8,12,32567], [5,12,32441], [6,12,28518], [21,12,26318], [9,12,24845], [13,12,22554],  [19,12,22088], [4,12,21065], [12,12,20468], [20,12,19404], [11,12,17608], [14,12,17446], [7,12,17356], [2,12,16400], [15,12,16352],
[0,12,26511], [1,12,754], [12,12,105], [4,12,61], [9,12,59], [3,12,49], [2,12,48], [7,12,48], [8,12,36], [13,12,33], [10,12,28], [19,12,27], [16,12,21],
[3,12,4054], [0,12,2042], [4,12,1256], [8,12,1087], [5,12,671], [2,12,365], [1,12,305],  [13,12,116], [11,12,47],  [20,12,32],[6,12,20],
[3,12,657], [5,12,271], [16,12,203], [0,12,180], [14,12,155],  [4,12,98],  [13,12,73], [2,12,59], [22,12,55],  [18,12,17], [19,12,13]]

06-13:
ip=[
 [1,13,289768], [9,13,216412], [0,13,195868], [2,13,182841], [5,13,98043], [3,13,95829], [4,13,85058], [19,13,69762], [14,13,58824], [6,13,53692], [7,13,48842], [8,13,25329], [10,13,16666], [15,13,15222], [21,13,14188], [13,13,10386], [12,13,10369], [18,13,10258],  [20,13,5313],  [24,13,3253],

[1,13,210656], [0,13,177340], [2,13,118186], [3,13,34006], [5,13,32593], [6,13,10741], [7,13,1613], [10,13,1539], [4,13,714], [12,13,489], [16,13,418], [14,13,362], [13,13,117], [17,13,51], [18,13,34], [15,13,31], [24,13,30], [23,13,29], [19,13,29],
[6,13,16189], [5,13,12562], [15,13,10130], [23,13,5105], [2,13,2462], [4,13,2125], [3,13,2099], [7,13,1939],  [16,13,1552], [9,13,1511], [10,13,1481], [14,13,1406], [11,13,1134],  [13,13,1051],  [12,13,1025], [18,13,912], [17,13,877],
[0,13,12266], [2,13,8644], [1,13,8525], [3,13,4461], [4,13,2588], [20,13,2169], [5,13,2144], [8,13,2027], [7,13,2014], [24,13,1842], [9,13,1626], [21,13,1233], [13,13,1013], [14,13,830],[10,13,823], [11,13,778], [16,13,705], [19,13,697], [12,13,668], [15,13,662], [17,13,612], [18,13,573], [180,153,199,214,13,573],
[0,13,31627], [1,13,24446], [8,13,4415], [5,13,4114], [7,13,3347], [6,13,2193], [11,13,326], [12,13,326], [20,13,24], [19,13,18], [18,13,8],  [24,13,6], [22,13,6], [14,13,4],  [10,13,2],
 [1,13,479000], [7,13,240449], [12,13,198140], [0,13,196217], [2,13,147779], [3,13,116564], [4,13,95829], [5,13,85514], [6,13,80402], [10,13,68286], [16,13,58784], [14,13,33939], [9,13,16667], [11,13,14975], [13,13,12004], [17,13,7121], [15,13,6750], [18,13,2018], [19,13,1661], [21,13,1469], [22,13,1418], [23,13,1129], [20,13,1123],
 [0,13,162991], [1,13,123796], [8,13,46351], [7,13,43196], [4,13,42747], [6,13,36773], [3,13,34777], [16,13,26345], [10,13,25175], [11,13,24420], [15,13,22143], [19,13,21740], [12,13,21194], [17,13,19564],  [9,13,19048], [20,13,17096], [13,13,16927], [18,13,14963],
[0,13,81652], [1,13,156], [10,13,95], [4,13,77], [2,13,48], [7,13,48], [3,13,32], [8,13,30], [15,13,28], [13,13,22], [5,13,10],  [16,13,7],  [12,13,5],
[1,13,13299], [7,13,9631], [0,13,3345], [14,13,984], [8,13,432], [2,13,209],  [19,13,128], [6,13,127],
[5,13,270], [22,13,114], [14,13,90], [21,13,46], [13,13,37], [24,13,36],[15,13,19]]
