mostip0=[[10,49,22,87],[10,49,137,87],[10,49,253,35],[10,49,216,62],[10,49,148,131],[10,49,223,163],[10,49,81,218],[10,49,137,188],[10,49,81,158],[10,49,223,194],[10,49,216,234],[10,49,137,199],[10,49,81,232],[10,49,253,53],[10,49,21,251],[10,49,253,175],[10,49,253,219],[10,49,137,165],[10,49,137,166],[10,49,137,131],[10,49,217,3],[10,49,253,233],[10,49,253,159],[10,49,223,152],[10,49,45,64]]
  
mostip1=[[10,24,249,104],[10,24,64,118],[10,24,64,39],[10,24,64,232],[10,24,172,153],[10,24,49,154],[10,24,172,183],[10,24,146,14],[10,24,139,131],[10,24,243,239],[10,24,243,141],[10,24,240,218],[10,24,172,109],[10,24,172,210],[10,24,65,2],[10,24,73,248],[10,24,64,9],[10,24,146,212],[10,24,64,176],[10,24,215,174],[10,24,215,218],[10,24,249,253],[10,24,70,117],[10,24,49,210],[10,24,49,144]]
 
mostip2=[[220,181,156,172],[220,181,150,159],[220,181,164,44],[220,181,78,245],[220,181,78,255],[220,181,90,28],[220,181,69,72],[220,181,156,165],[220,181,159,224],[220,181,159,97],[220,181,150,252],[220,181,141,255],[220,181,112,249],[220,181,111,193],[220,181,141,245],[220,181,159,222],[220,181,113,255],[220,181,113,245],[220,181,105,245],[220,181,105,255],[220,181,150,221],[220,181,90,19],[220,181,72,157],[220,181,90,26],[220,181,52,184]]
  
mostip3=[[180,149,132,104],[180,149,153,16],[180,149,135,241],[180,149,153,73],[180,149,131,200],[180,149,131,40],[180,149,131,67],[180,149,155,125],[180,149,155,115],[180,149,136,54],[180,149,155,45],[180,149,155,55],[180,149,134,147],[180,149,131,95],[180,149,156,147],[180,149,134,146],[180,149,156,148],[180,149,135,181],[180,149,135,235],[180,149,134,226],[180,149,137,1],[180,149,136,59],[180,149,155,111],[180,149,155,110],[180,149,135,244]]
  
mostip4=[[10,39,11,174],[10,39,18,40],[10,39,27,235],[10,39,80,144],[10,39,27,119],[10,39,124,119],[10,39,12,107],[10,39,80,181],[10,39,202,64],[10,39,68,122],[10,39,66,203],[10,39,27,175],[10,39,56,249],[10,39,146,207],[10,39,53,216],[10,39,237,80],[10,39,237,225],[10,39,237,129],[10,39,174,115],[10,39,176,77],[10,39,6,102],[10,39,237,127],[10,39,70,72],[10,39,66,125],[10,39,66,42]]

mostip5=[[10,49,212,206],[10,49,21,15],[10,49,137,7],[10,49,137,136],[10,49,216,88],[10,49,148,130],[10,49,137,87],[10,49,45,64],[10,49,212,7],[10,49,216,62],[10,49,223,121],[10,49,212,147],[10,49,212,162],[10,49,231,206],[10,49,137,166],[10,49,36,147],[10,49,81,136],[10,49,231,21],[10,49,45,55],[10,49,223,90],[10,49,180,12],[10,49,223,163],[10,49,212,186],[10,49,45,144],[10,49,36,233]]

mostip6=[[10,56,92,187],[10,56,34,157],[10,56,131,163],[10,56,162,222],[10,56,4,86],[10,56,193,37],[10,56,115,254],[10,56,148,238],[10,56,183,136],[10,56,68,165],[10,56,115,125],[10,56,4,146],[10,56,148,217],[10,56,115,84],[10,56,187,25],[10,56,112,162],[10,56,144,126],[10,56,92,26],[10,56,68,148],[10,56,98,166],[10,56,47,250],[10,56,115,8],[10,56,63,184],[10,56,115,74],[10,56,141,34]]

mostip7=[[10,60,26,66],[10,60,175,116],[10,60,181,115],[10,60,26,232],[10,60,26,15],[10,60,28,36],[10,60,244,122],[10,60,244,11],[10,60,181,86],[10,60,181,208],[10,60,244,5],[10,60,24,64],[10,60,26,251],[10,60,24,99],[10,60,55,123],[10,60,28,34],[10,60,244,72],[10,60,181,231],[10,60,28,232],[10,60,28,7],[10,60,20,126],[10,60,181,19],[10,60,181,44],[10,60,244,82],[10,60,244,66]]

mostip8=[[10,54,67,73],[10,54,223,139],[10,54,216,124],[10,54,254,202],[10,54,251,114],[10,54,244,157],[10,54,251,212],[10,54,223,206],[10,54,36,84],[10,54,69,1],[10,54,170,141],[10,54,250,139],[10,54,43,235],[10,54,244,183],[10,54,160,126],[10,54,1,211],[10,54,197,246],[10,54,46,124],[10,54,115,250],[10,54,113,190],[10,54,52,246],[10,54,89,2],[10,54,141,96],[10,54,237,139],[10,54,149,134]]

mostip9=[[10,64,175,214],[10,64,175,187],[10,64,55,241],[10,64,175,178],[10,64,55,132],[10,64,55,212],[10,64,46,200],[10,64,55,243],[10,64,55,224],[10,64,46,31],[10,64,24,96],[10,64,24,191],[10,64,175,145],[10,64,175,238],[10,64,175,150],[10,64,175,255],[10,64,175,169],[10,64,46,235],[10,64,175,34],[10,64,175,112],[10,64,244,44],[10,64,175,202],[10,64,175,171],[10,64,46,40],[10,64,176,4]]


